0 nan
25000 0
50000 0
75000 0
100000 0
125000 0
150000 0
175000 0
200000 0
225000 0
250000 0
275000 0
300000 0
325000 0
350000 0
375000 0
400000 0
425000 0
450000 0
475000 0
500000 0
525000 0
550000 0
575000 0
600000 0
625000 0
650000 0
675000 0
700000 0
725000 0
750000 0
775000 0
800000 0
825000 0
850000 0
875000 0
900000 0
925000 0
950000 0
975000 0
1000000 0.000770824
1025000 0.00218674
1050000 0.00353524
1075000 0.00482101
1100000 0.00604834
1125000 0.00722112
1150000 0.00834292
1175000 0.00941697
1200000 0.0104463
1225000 0.0114336
1250000 0.0123814
1275000 0.013292
1300000 0.0141676
1325000 0.0150102
1350000 0.0158215
1375000 0.0166034
1400000 0.0173573
1425000 0.0180848
1450000 0.0187872
1475000 0.0194658
1500000 0.0201217
1525000 0.0207562
1550000 0.0213702
1575000 0.0219647
1600000 0.0225406
1625000 0.0230988
1650000 0.0236401
1675000 0.0241652
1700000 0.0246749
1725000 0.0251698
1750000 0.0256506
1775000 0.0261178
1800000 0.026572
1825000 0.0270138
1850000 0.0274437
1875000 0.0278621
1900000 0.0282695
1925000 0.0286663
1950000 0.0290529
1975000 0.0294298
2000000 0.0297972
2025000 0.0301555
2050000 0.0305051
2075000 0.0308463
2100000 0.0311794
2125000 0.0315046
2150000 0.0318223
2175000 0.0321326
2200000 0.0324359
2225000 0.0327324
2250000 0.0330223
2275000 0.0333059
2300000 0.0335832
2325000 0.0338546
2350000 0.0341203
2375000 0.0343803
2400000 0.0346349
2425000 0.0348843
2450000 0.0351285
2475000 0.0353679
2500000 0.0356024
2525000 0.0358324
2550000 0.0360578
2575000 0.0362788
2600000 0.0364956
2625000 0.0367082
2650000 0.0369168
2675000 0.0371216
2700000 0.0373225
2725000 0.0375198
2750000 0.0377135
2775000 0.0379036
2800000 0.0380904
2825000 0.0382739
2850000 0.0384542
2875000 0.0386313
2900000 0.0388054
2925000 0.0389764
2950000 0.0391446
2975000 0.03931
3000000 0.0394726
3025000 0.0396326
3050000 0.0397899
3075000 0.0399446
3100000 0.0400968
3125000 0.0402467
3150000 0.0403941
3175000 0.0405392
3200000 0.0406821
3225000 0.0408227
3250000 0.0409612
3275000 0.0410975
3300000 0.0412318
3325000 0.0413641
3350000 0.0414944
3375000 0.0416227
3400000 0.0417492
3425000 0.0418738
3450000 0.0419967
3475000 0.0421177
3500000 0.042237
3525000 0.0423547
3550000 0.0424707
3575000 0.042585
3600000 0.0426978
3625000 0.042809
3650000 0.0429187
3675000 0.0430269
3700000 0.0431336
3725000 0.0432389
3750000 0.0433428
3775000 0.0434453
3800000 0.0435465
3825000 0.0436464
3850000 0.0437449
3875000 0.0438422
3900000 0.0439382
3925000 0.044033
3950000 0.0441266
3975000 0.0442191
4000000 0.0443104
4025000 0.0444005
4050000 0.0444895
4075000 0.0445775
4100000 0.0446643
4125000 0.0447501
4150000 0.0448349
4175000 0.0449187
4200000 0.0450015
4225000 0.0450832
4250000 0.0451641
4275000 0.0452439
4300000 0.0453229
4325000 0.0454009
4350000 0.0454781
4375000 0.0455543
4400000 0.0456297
4425000 0.0457043
4450000 0.045778
4475000 0.0458509
4500000 0.0459229
4525000 0.0459942
4550000 0.0460647
4575000 0.0461344
4600000 0.0462034
4625000 0.0462716
4650000 0.0463391
4675000 0.0464058
4700000 0.0464719
4725000 0.0465372
4750000 0.0466019
4775000 0.0466659
4800000 0.0467292
4825000 0.0467919
4850000 0.0468539
4875000 0.0469153
4900000 0.046976
4925000 0.0470362
4950000 0.0470957
4975000 0.0471546
5000000 0.047213
5025000 0.0472708
5050000 0.0473279
5075000 0.0473846
5100000 0.0474406
5125000 0.0474962
5150000 0.0475512
5175000 0.0476056
5200000 0.0476595
5225000 0.047713
5250000 0.0477659
5275000 0.0478183
5300000 0.0478702
5325000 0.0479216
5350000 0.0479726
5375000 0.048023
5400000 0.048073
5425000 0.0481226
5450000 0.0481717
5475000 0.0482203
5500000 0.0482685
5525000 0.0483163
5550000 0.0483636
5575000 0.0484105
5600000 0.048457
5625000 0.048503
5650000 0.0485487
5675000 0.048594
5700000 0.0486388
5725000 0.0486833
5750000 0.0487274
5775000 0.0487711
5800000 0.0488144
5825000 0.0488574
5850000 0.0489
5875000 0.0489422
5900000 0.0489841
5925000 0.0490256
5950000 0.0490668
5975000 0.0491076
6000000 0.0491481
6025000 0.0491882
6050000 0.049228
6075000 0.0492675
6100000 0.0493067
6125000 0.0493455
6150000 0.0493841
6175000 0.0494223
6200000 0.0494602
6225000 0.0494978
6250000 0.0495351
6275000 0.0495721
6300000 0.0496088
6325000 0.0496452
6350000 0.0496814
6375000 0.0497172
6400000 0.0497528
6425000 0.0497881
6450000 0.0498231
6475000 0.0498579
6500000 0.0498923
6525000 0.0499266
6550000 0.0499605
6575000 0.0499942
6600000 0.0500277
6625000 0.0500609
6650000 0.0500938
6675000 0.0501265
6700000 0.0501589
6725000 0.0501912
6750000 0.0502231
6775000 0.0502549
6800000 0.0502864
6825000 0.0503176
6850000 0.0503487
6875000 0.0503795
6900000 0.0504101
6925000 0.0504405
6950000 0.0504706
6975000 0.0505006
7000000 0.0505303
7025000 0.0505598
7050000 0.0505891
7075000 0.0506182
7100000 0.0506471
7125000 0.0506758
7150000 0.0507043
7175000 0.0507326
7200000 0.0507607
7225000 0.0507886
7250000 0.0508163
7275000 0.0508438
7300000 0.0508711
7325000 0.0508982
7350000 0.0509252
7375000 0.050952
7400000 0.0509786
7425000 0.051005
7450000 0.0510312
7475000 0.0510573
7500000 0.0510832
7525000 0.0511089
7550000 0.0511344
7575000 0.0511598
7600000 0.051185
7625000 0.0512101
7650000 0.0512349
7675000 0.0512597
7700000 0.0512842
7725000 0.0513086
7750000 0.0513329
7775000 0.0513569
7800000 0.0513809
7825000 0.0514047
7850000 0.0514283
7875000 0.0514518
7900000 0.0514751
7925000 0.0514982
7950000 0.0515213
7975000 0.0515442
8000000 0.0515669
8025000 0.0515895
8050000 0.051612
8075000 0.0516344
8100000 0.0516565
8125000 0.0516785
8150000 0.0517005
8175000 0.0517223
8200000 0.0517439
8225000 0.0517654
8250000 0.0517868
8275000 0.0518082
8300000 0.0518292
8325000 0.0518502
8350000 0.0518711
8375000 0.0518919
8400000 0.0519125
8425000 0.0519329
8450000 0.0519534
8475000 0.0519737
8500000 0.0519938
8525000 0.0520138
8550000 0.0520337
8575000 0.0520536
8600000 0.0520732
8625000 0.0520927
8650000 0.0521122
8675000 0.0521316
8700000 0.0521508
8725000 0.0521699
8750000 0.0521889
8775000 0.0522079
8800000 0.0522266
8825000 0.0522453
8850000 0.0522639
8875000 0.0522824
8900000 0.0523008
8925000 0.052319
8950000 0.0523372
8975000 0.0523553
9000000 0.0523732
9025000 0.052391
9050000 0.0524089
9075000 0.0524266
9100000 0.0524441
9125000 0.0524615
9150000 0.052479
9175000 0.0524963
9200000 0.0525135
9225000 0.0525305
9250000 0.0525476
9275000 0.0525645
9300000 0.0525813
9325000 0.052598
9350000 0.0526147
9375000 0.0526313
9400000 0.0526477
9425000 0.052664
9450000 0.0526804
9475000 0.0526966
9500000 0.0527127
9525000 0.0527287
9550000 0.0527447
9575000 0.0527606
9600000 0.0527764
9625000 0.052792
9650000 0.0528077
9675000 0.0528233
9700000 0.0528387
9725000 0.0528541
9750000 0.0528694
9775000 0.0528847
9800000 0.0528998
9825000 0.0529148
9850000 0.0529299
9875000 0.0529448
9900000 0.0529596
9925000 0.0529743
9950000 0.0529891
9975000 0.0530038
